0.0
14.5
56.5
123.0
208.0
304.5
405.5
501.5
584.5
647.0
681.5
686.0
657.0
594.5
502.5
385.5
251.0
107.0
-36.0
-168.5
-281.5
-366.5
-418.5
-433.5
-410.0
-351.5
-262.5
-151.5
-28.5
92.5
199.0
278.0
316.0
302.5
229.0
92.0
-110.5
-374.5
-691.0
-1048.0
-1428.5
-1812.5
-2179.0
-2504.5
-2765.5
-2942.5
-3016.5
-2973.0
-2803.5
-2505.0
-2080.0
-1539.0
-898.5
-180.0
588.5
1377.0
2153.0
2882.5
3533.5
4077.5
4487.0
4745.5
4839.5
4764.5
4524.0
4130.0
3602.0
2965.5
2250.5
1492.0
726.0
-9.5
-683.5
-1264.5
-1728.5
-2059.0
-2246.5
-2291.5
-2202.0
-1994.5
-1693.5
-1328.5
-933.5
-545.0
-199.0
71.5
237.0
274.5
170.5
-82.0
-476.5
-1000.5
-1628.5
-2328.0
-3059.0
-3779.0
-4439.5
-4994.5
-5400.5
-5618.0
-5616.5
-5322.0
-4789.0
-4028.0
-3059.5
-1917.5
-642.5
714.0
2098.0
3452.0
4719.0
5845.0
6782.0
7492.0
7944.5
8122.0
8020.0
7646.0
7020.0
6173.0
5146.5
3988.5
2752.5
1493.5
266.5
-877.0
-1891.5
-2739.5
-3394.5
-3839.0
-4068.5
-4090.5
-3923.0
-3594.0
-3139.5
-2600.5
-2022.5
-1450.0
-928.5
-494.5
-182.0
-13.0
-2.0
-151.5
-452.0
-886.0
-1424.0
-2030.5
-2663.0
-3276.0
-3823.5
-4261.0
-4548.0
-4652.5
-4550.0
-4227.5
-3682.0
-2924.5
-1976.5
-869.5
354.0
1645.5
2951.0
4214.0
5379.5
6395.0
7214.0
7799.0
8122.5
8168.5
7934.0
7429.0
6675.0
5705.0
4562.0
3295.5
1960.5
614.0